50
00010001000000000000001000000000000000000010000001
00000000000000000010010001000000000000000000000000
00000001000000000100000100000000000000100000000000
10001000000000000000000001000000000000000010000000
00010010010100000000000000000000100000100000000000
00000000000010000000000000000000000000000000000000
00001000010010000000000000110000010000000000000000
10100000000001011000100000000000000000000001000000
00000000000001000000001000000000000100001010000000
00001010000000001000000000000000111000001000000010
00000000000000010000000010000001000000001101000000
00001000000000000001000100000100000000000010100000
00000110000000000000000000000000000000100101000001
00000001100000000000000000000000000010000000000000
00000000000000000010001000000000001000000000000000
00000001001000000000000010000000001000010000000000
00000001010000000010000100000000000000001000100000
00100000000000000000100000000001000000000000000000
01000000000000101000100000000000010000000000000000
00000000000100000000001000000000000000000000000100
00000001000000000110000100000010000011010000000000
01000000000000000000000000101000100000010000000000
10000000100000100001000000000000000001010101000000
00100000000100001000100000001000100000000000000110
00000000001000010000000001010000000000000010000100
01010000000000000000000010001100000000100000001000
00000010000000000000010000000000100000000101000000
00000010000000000000000010001010001000000101000000
00000000000000000000010101010000110000001000100000
00000000000100000000000001000000000100000000000000
00000000000000000000100000010000000010000000000000
00000000001000000100000000000000000000000000000100
00001000010000000000010100101000000001000000000000
00000010010000000010000000001000000100000000000000
00000000010000110000000000010000000000101001000000
00000000100000000000000000000100010000000000000000
00000000000001000000100000000010000000000001000000
00000000000000000000101000000000100000000000000000
00101000000010000000000001000000001000000100000000
00000000000000010000111000000000000000000000000000
00000000111000001000000000001000001000000000000000
00000000001010000000001000110000000000100000000000
10010000100100000000000010000000000000000000000011
00000001001010000000001000110000001010000000000010
00000000000100001000000000001000000000000000000001
00000000000000000000000000000000000000000000000000
00000000000000000000000001000000000000000000000000
00000000000000000001000110000001000000000000000000
00000000010000000000000100000000000000000011000000
10000000000010000000000000000000000000000010100000
