100
0000000000000000111010000000000000000000000000000001011001000000000000000000001000000000101000000000
0000110010010010001000000000000001000000000000100100000000001000100000000001100000100110000000100000
0000000010000010000010000000000000000100000000000100100000110000100000100000000000000001010000100000
0000000010000100000000100000010010100010000001000000001100000000000010000000000000001000000000000000
0100010000000101000000000000000000010100000000000000000000000000000000000000000000000000000000000000
0100100000000001000010000001000000011000000010000000010000000000011000000000000000000000100010000010
0000000001001100000000010000000001000100000000000000010000000000000010000000000000000000000000000100
0000000000000000000010000000000100000000000000000010000000000010000000000000000000000000000000000000
0111000000000000000000000000000000000000000100000000000000000000000000100000010000001000000000000000
0000001000000000100010001000000000000000000100000000001000000100100000100000000000000000010100000000
0000000000000000000000000000100000000000010000011000010001000100000000000010000101000000000000000010
0100000000000000101011000000000000000100000000000001000100011000001010000000000001000000000000000000
0000001000000001001001000100000000010001010000000000010100001000000001000000000000001000100000110000
0001101000000000000000000100000000001100001001101010000000010000001010000000000001000010000000000000
0110000000000000000000000000000010100000000000100000000100000100010000000000000010010000000001100000
0000110000001000000000000000000010100000000000000100000000000000000000000000001000000000000001100000
1000000001010000000001000000000000000000000000000000000000010100100000000000010000000010000000000000
1000000000000000000011000000100001000000000001000000000000000000000000000000000010000100000000000000
1100000000011000000000000000000000000000100000001000000000000000101000111000001000000000001001010000
0000000000000000000000000000000000000100100100000100000000001000000000000100010000000001001000100000
1010010101010000010001000001000000100000000000000010000001000000000000000000110000011000000100000001
0000000000011000110010001011000000000000000000000000001000000010000000000000000000100001100000000000
0001000000000000000000000000000000000000000000000000001000000000000000000000001000000000001000000000
0000001000000000000000000000000000000010000000000000000000000000000000000000000001000001000000010000
0000000001000000000001000000010001000001000000000000000000000000000000000000000010000001000010000010
0000000000001100000000000000000000000000000000000000000000000000000010000000010000000101000000000000
0000000000000000000001000001000000000011000000000000000000000000000000000000001100000001000000000000
0000010000000000000011000010000001000000000001000000000010000000000000100100000000000000000100000000
0000000000100000010000000000000001000000000100000000000000000000000010001000000000010100001001000000
0001000000000000000000001000000000000001001000000000000000000001000100100010010000000000000000010000
0000000000000000000000000000000001000000100000010001001000000000000000000000000000000001000000000000
0000000100000000000000000000000000010000000000000000010000000000000001001101000000000100000000000000
0001000000000011000000000000000000000000000000001000001100000000000000000000000000000000000000000010
0100001000000000010000001001101000000010000010000000000100000000100000100000000000000000000000000100
0001000000000011000010000000000000001000100010000000001000000000001010000000000000000000001000100100
0000110000001000000000000000000100000010000000000000000001000000000000100000100000000000000000010000
0000010000000100000000000000000000100000000001000000000010000000000000000000000000010000000000000000
0010101000010100000100000000000000000000000000000010010000000000000000000000101100000000000000001000
0001000000000000000000010010000001010000000000000000100000000000000000000000000001000001000000000000
0000000000001000000000001010010000000000000001000100000100000000000000001100000000000000010000001000
0000000000000000001100000000001000100000000001000001010100000000000100000000000000000000100000000001
0000000000101000000000000000000000000000001010000000000000000000001000000100001000100000000000010000
0000000000000100000000000000010000000000010000000001000110000000000000000000000000000000000000010000
0000000011000000000100000000100000000000000001100010011100000100000000001010000000000001000100000000
0000010000000000000000000000000001100000010000001000000000000000000000000000001000000000000000000000
0001000000000100010000000001000000001001100100000000000000000100000000000100000000000001000010000000
0100000000000110000000000000000000000000000100000000000000000000000000100000010000000000000000000001
0000000000100000000000000000001000000000000000000000000000100000000000100000100110000000000000001000
0000000000100100001000000000000010000000000010000000000000000000000000000000000000100000000000000000
0110000000000001000100000000000000000001000000000000000000000100010000000000010000000001001100001100
0000000100000100000010000000000000000100000100000000000010000000100010000000000000000000010000000010
1000000000010000000000000000001000000000101000000000000001000100011010000110000000001000000000000000
0010000000000000000000000000000000000010000000000000000000000000000000000000000000000000000000001000
1000011000101000000000000000000100000100100100000000000000000000000000000000000010000000100010000000
1001000001000000000001100000001010100000000100000000000000001000000000010000000000000000000100000010
0001000000011010000000000000000011000001101100000000000000000000000000101000000001000000000000000000
0000000000000000000000000001000000001000001000000010000000001000000000000110000000000000010000000001
1000000000100000000010000000000000010000000000000001000000000000000010100000001100101100100000000000
0010000000000000000000000000000000000000000000010000000000000000001000000100100000100001000010000010
0010000000010100100000000000000000000000000000000000000000000001000010000000100000000000010000000000
0100000000011000000100000000000000000000000000000000001010000000000001000000000001001000100000001000
0000000001100010100000000000000000000000000101000101000000000000000000101000011000000110100000001000
0000000100000000000001000000000000000000000000000000000000000000000010000010000000000000000000000000
0000000000000000000000000000010000000000000000000000000000010000000000000000100010000000110000000001
0110000001000000101000000000000001000000000000000010000000000000010000000000000000100001000000000100
0000010000000010000000000000000000000000000000000101000000000000100000000001000000000101010000010000
0000010000010100001000000000000000100000010000000001000000100000000010000000000010000000000000000000
0000000000000000000000000000010000000000100000000000000000000000000000000000100011000100000000011000
0001001000010100000000000100100000100000000000000011000001010010001000000010000000000000000001000010
0000000000001000000000000000000100000000000000000000000000001000000000000100001000010100000000010000
0010000011000000001000000001010001010000000000110000000101000100000000000000000000000000000010000010
0000000000000000001000000000000000000000000000000000001000000000000000000000000000010100010100010000
0000000000000000001000000000100100000001000100000000000100000100000000000000000001000000000000100000
0000000000000000000100000001000100000001010001000001000010100000000001000000010000000000000000000000
0000000000100000000000000000010000000000000100000001000010000010000010000000000000000000111000000000
0100000000000000000000000000000100000000000000000000000000000000010000000000000000010000000000000000
0100000000000000000010000000000000010100000000010000000000110001000100000000000000000000000001000000
0000000010000000100110000100010000000000000000100100000000000100000000000100000000000000000000000000
1000000000000001001000100010000000000100010010000000000001000100000001000000000100000000000000000010
0000000000100000000000000010000000000100000000010000000001000000000000000000001000001100010000000001
0000000000000010010000001000000000000000000000010000010000000001001100000000000000000000000000000000
0000000000110100000000010000000000000010000000000000000100001000000100001000000000100000000000100010
0100000000000000000001000000000000000000010000001000000001100000100000000000000001000000000000000001
0000000000000010000010000000100000001000000000000000000000000000000001010001000000001000000000000000
0001000010001000000010000000000000000000000000000001000001001000000000000000000100010000010000000000
0100000000000000010000000100100100000000000000000000000001000100010101010000000100000000000000000000
0100000000000100100000000000000000000000000000000000000000000100000000000000000000000000000001000000
0010000000000000000101011110001000000010000101000100000000100000110000000000000000000000100000100000
1000010000001000000001000000000000000000100000000000010001001101000000000010000000000001000000000000
0010000001000000000000000000000000000001000000000010000010010001010000010010000100001000000000000010
1000000000000000001100100000100000100000000000000100000000000000000000000010000000000000000000000010
0000000001000000000010000001000000000000000100000100001000000000000000010000000000000000000000100100
0000010000000000000000001000000000000000000001000000010000100000000000100000000000000000000000000000
0000000000000011001000000000100000000000000000000000000000000000000010000000100000000010000000000000
0110000000001011000100000000000000100000000000000000000000000000000000001000000001000001000100000000
0000000000001000001000010000010000010000011000000000000000000000010101010000000000000000000000000000
0000000000000000000000000000000000000101000000010100100000001100000100000000000000000000000000000000
0000001000000000000000000000000001100000000000000100000000000000100000000000000000000000000100000001
0000010000100000000000001000000010000000000000000010001000100000000010100000001001000000011000000000
0000000000000000000010000000000000000000100000100000000010000001000000000000000100100000000000000100
