200
00001010011001000000000000000001000000000010000000000000000101000000000000001001100100000010000001000000000000001000000000010000000000000001100010010010000000000001000000000000000000000000000000000000
00000100000000000000000000000010000010000000000010000000000100100000010000101000000000000000000000000000110000010000000000001100010100000000010001001000000000000000000000001000001000000000000000000000
00000000000000000001001000000010000000000000100000000001011100000100000000000100000100000000001010101010000001001010100000010010000000010000000000000000110000001110000000100000010000000001000010000000
00000000000100000100000000000000000000010000000000000000000000001000000000001000000001000010000000000100000000010000000000100001000100000000100000000100000100100100000000100000000000000000110000110000
10000000010000000000000000000000000000000000001100010000000010000101000000000000000001001000010100000000001100100000000010000000000001001000000100100000001000000000000000000000010111001000000010000000
01000001000000000010000100101100000001000010001000000000000000000000000000100010000100000000000000100001000000000001001000000100000000000000000000000000000010000000000000000000000000000000010001000100
10000000011000000000000010001000000000000001110000000000000000000000000000010000000000010010000010000010000000000000000010100010100000000000000000100100000100000001000000000100000000000000101000000000
00000100000000000000010001000100000000000000000000010011000010000100000100000000001000000101000000000010100000000000010010000000000000000000000000001000100100000000001001000000000001000000010100001000
00000000000010000000000001000000001000000000010011000001000000000000000000000000010000000001001101000000001000001001000000001001000000000001001000010101001000000001010000000000000000001000000010000100
10001010000000000000000000000000000000000000100000011000000000000010010000100000000110101011000000000000000001000000000001100000000000000010011000000001000000000000001110001000000001100100000000000001
10000010000000001000000000000010000001000000000100000001000001000000000000000010000000000000000100000000000000000100001001000000001000000000000000100100010010000000000000000010000000000001000010010110
00010000000010000000000000000010000000011010110000000010010000100000000000000000000000000000000100000000010000000000001000000010000000000000000000010000001000000100000010110100000001101010000011000000
00000000100100001000010010011011000000000000000101010000000000010000000000000100000100000000100000000000000000000100001000110000010100000100100000000010010001000100100000100000000000000000000010000101
10000000000000001100000010000001010000000011010000000000010000000000000000000000000100000001000000000000000100000100000000000000000110010000011000000000000000000000000000000000010000000000000000000001
00000000000000000000000000000000000000000000000100010110010100100000000000000000000000000100000100000000000000010001001000000001100100010010000000010001000110000000000100100100000000100010000001000000
00000000000000001001000000100000010010010000000000000001000000000000010001000000011100000010100100100001000000000101100001000001100000001100001000000010000010000010000000001010010010010000000000000100
00000000001011010000000000010000000100000000000000000001000000000001000000000001000000000010000000000000000100000000001000000000000000010000000000010100010011010011000000100100010000010000010000001100
00010000000001000000010000010000000001001000100000000110000010000000000010010011010000000000100100010010000010000010100000000000000000000000000000101000000000100010000001011000000000101000100100000000
00000100000000000000000001000000100010010100000000000000001010000100010000000000000001000000000011000000000000000000000000000100010000000000000010000011000110000000000000000010000000001000000000010000
00100000000000010000100001000000000100000000000010000000100000000000011100001100000000010000010000000000000000000010001001001000101100000011001010000000000000000010000001001001000001000011100101000000
00000000000000000001000000010000001000000000100100000000001101000000100100000000000010000000100000000000101000010000001010000000000000011010011000000000000001000010000010100010100001000100010000010000
00000001000010000100000000000001000010000000010000000000000100100000001010000010010110000000001000010000100000000100010100100000010000000000001000000100110000001010101011001100000100000000001011000000
00100000000000000000000001001000000000000000100100100000000000000000000000000100000000000000000000000000000000000000100000101000000000000001011000100011000000000000000110000100000000000000000000000000
00000100000000000000000000010000000100000100000000000000000001000000010000100000000001000100100100000110000001100000000000000010001010000000000000111001010000000000000100100010010000000100000000000110
00000010000011000000000000101000010000000100000010000000000000010000000000000000100000000000001110000100001010000000000100000000000100000000000100000000100000001000010001000010000000100000000010001001
00000001100000000011001000000000000000010000000000001010000000000100001000100001000000000010001001000000000000000000000010101000110000000000000010000001100000000001001010001110000000000000100000110000
00000100000000010000000010010000000000000010100010000000010000000001000000000100100000000001000000010000001000010001000000001000000000001010000001010110000000000000000001100010000010100000000000100100
00000000000010001100100100100001000011000000000001000000000000001000100000000000000000000010010000000000000000000000010001100000000000000000000000010000000011000000000000000011010000000000000000000000
00000110000010000000001010000000000000000000100000000010000000000000001000000000000000010110000000000100000010000010000000000000000010000000010000010000000010000110101100100000010100000000000000000000
00000101000000000000000000000000001100100000100000000001000000000000010001100001100000000100000001000000000000000100010010000000000010000100010000001001000000010000000010000000100101101001100000000000
01100000001110000000000000000000000001110011000000000000000001010010000001000010000001000000010010000011000000000000000001001001000010000001000000000000000001010000000010000000000000000011000001000000
10000000000011000000010000010000000000000000110100000001000000100000101000000000000000000000100001000000000000000100100001000000001000000000000010000001000011000001000000000010010000000011000001000100
00000000000000000010000000000000001010000001000000000000110100000000010000000100001000000100000000001100000000010000001000000000010000000000010001000000000000000000001010000010011000011000000010000001
00000000000001010000000010000000000000000010001000100001000010000100000010000000000000000000000100000000100000000000000000000000010000000000100010000000000010010010001000000010100000000010000000000001
00000000100000000000100000000100100000000001010100000000000000000000011000100101011000000000000001000000000000000000000000000000001100000000001000000000100100010000000000000000000000000001000000000100
00000000000000001001000100000100000000100000000000100010000000010011000000000100000010000000000000000000001001001000000000001000000000000010000000000100000000000000010100010000000000010000000000111000
01000000000000010010010000010000100000000001000100000000000000011001000010000000000000001000000001001101000000000000001000010011000000000000000001000000000100000000101100010000001000000010010010000100
00000100001000000100000000010010000000000000000110000010000000000100000000000000100000000110000000000001000100001000110000000100010010100000000100000001000010001000000000000001000000000000010011000000
00000000000000000000000000000110000100001001010100000000100000000101010110000000010100001000000000000000000100000000000000011000100000000000010000000001000111100000110000000000000100000010000000100000
00010000000100010010000001000010000000001000000011000000000000010000100000000000000000100000000011000000001000111000000000010000000010000000000001000001000010000100000010000000000110001000000000000000
00000000000100000100000000000000000000110010000000001000010000000100101000101000000000100001000000100000100000010000100000000000000010000000000000000000000000000000000100100000000000100100000000000000
00000000000000000010000110000000000000000000000010000000001000000000000100001000000000000000100000000100001000000001010010000001000100010000000010000000001100000000000101000000000000000000100000001100
10000100000101000000000000100010010000001000010101000010000000000000000000000010001000001000000000000000001000100010010000110000000001000000100000000000000100001000000101000000100100000100001010001001
00000010000001000000000000000010101010100000000000011001000000011000000000001000010000000000100001000000101000000100010101100000000000010000010000100000010000000000000000100000001100010010000100001001
00100010010100000100101000101101000000000000000100000000000000000000000010011001000000110000101001010001000010000000000000000000011000000100100101010001100010001110000000000000001000000000110000000101
00000010100101000000010000000001001000100010000011000101000000000000000000010010001000010100001000001000000010001000000001000000000000000000010000000000100000000000010000000010000000010000000000000000
00001100000000000000000000000000010000000000000000000000110000000000010000011000000100010001000000000000000010000100000000000000000011000100001000011000000000000000000010000100011000010000000000001000
00001000001010100000101000000001001011100010100000000000010010000000000000100001100000000000000000000100010001000000111001010000100100001110110010000000000000001000100001001000010000000000001010001000
01000000100000000001000010100000000001010100010000101001000010000001000000101011000001000000101001000001000000000100000100001001010000000001001000101000000000001000010000100000100000001100000000010001
00000000100010000000000000010000000000010010010000001000000000000000001000000000000000010100000000000100100000000000110000010000000000000001001000100000001000000011000000010010000010000000000000000000
00000000000000000000001000000000010100000000000010000100100000000010100001001000000100000010000100000000000000000000100100000000000010000000001000000100000010000001000000100001000000000100100000000001
00001001010010100000000000000000000000000001000000000010000001010000101100001000000000000000101000100010010100000000011000100011001000100000100000000000000010000000110000001000000000010100010010100100
00000000010000000000000001000000000000001001000011000100000100000000000001000000000010000100000000000000000000011100000010000000010001000000001000010000000010001000000100100000000010000000000000000110
00000000000000100100000000000000000000000000010000101000000000100000100101010000000100000000000000000110000000100000000000010010000010000000000000000000011000000000000000010000000010000010001010000001
00000001000100100100000001001000000101000010000000010000000010000000000000000011010000000000000001000000000000000101000010000100000000000000000000100000000000010000011100100000100000000010001000000000
00100001101000011000000000000101010000000001010010000000000000100000000011000000001101000100001000000100000000000000010000011000000000000010000101001000000000000011000000000000000000000111010010010000
00000000000000000001000000000000100000100000001000100000000000000000000000001100100100000000000010000000101000010000000001000000100000010000000000100000000000010000000000100001000010000000000000000100
00100000000101100000000000100000100000001000001100000000000010000000000100000100000000000100000000001100000000001001010000000001000010000000010000000010000000000000000010000000001001000000001000010000
00100000000000000010100000000000000000000100000000000000000000000000000000000000000000110000000000000010000000000010000000000001100010010000000100101000000100110000000000000000000000000000001010000000
11100000000000100000110000000000100000000000000000001000000000101000000000001010010001000000000001000011001010010000000000000000000100000000100001000010000000000001001100000000001000000000000100000001
00001001000000000110000000000000010000000000000110000010010000000000000000000000100000100000010011000000100000010010000000000000010110000000000000000001011100010000001010010011000000001000100010000001
10000000001000000000100100000010000000000000000000010000000000100100100001000000000000010001100100000000100010000000100100000000000100000001010000000010000000000001000100000001110010000000100000100000
01000000000100100000010000000001000000000000000000000101000101010000000000000000000000000010110010000010101000000001000011000101001000000100000000000000000000100001000000000000010000000100000001000000
00000000000010000000000010000010000110010001000000010000000000100000100010000000000100000001100000001000000001010000000010000101010001000000000000000000100000000000010000010000000001010100000000010001
00010000000000000000000000010000000010000001000000000000000100000001000000100010001000000000000000000001100010001001001000000010101000000000000000000010001010100000000000000000011000000001000000000000
00101001000000000010000001000000010001101000000000000000000001000010000101001001010000000000101100000000000000100000000010000010100000000000000001000000001000000000000000000000000000010010000010000100
00000000010000000000000000000010000100000000000000100000000000000100000000000000111010100010000000010001000000000000000000000000100000000100000000100100000000000000010000000100100101010010000001010000
00001000000000001000000000100000000110100000000010000000000000001000000000000010100110000000000100001000000100000000000000000010001000000000000010001110000001101010000000000100000000001001000000000000
00000000000000000000100000010001000000011000000000110100000001010000000000100000000000001000000000001000000000011000000000000001000011001000010010001100010100000001010001011000000000000011100000001000
01000000010000010011000100000100101000100000001000000000000000000000000000000000001000010000000100001001010000000000000000000000010000010000000001001000001000000000000000011001010000010000010000001000
00000000000000000001010001001001001000001000000001010000000000000000000011000000000100100001001000000000000101001010000001100000010011000000000010100001000001000001000000000010000001001010000000000001
00000001000000000001100000000000000000100100000000010100010000000100000010000000100100010000100000000100000000000000001000010100110000000101000010000000000000000000000000010000100000010000100000000010
00000000000000000100010000000000010010100000100000000001000000010000001100000000010100000000010010000000010000011000100000110000111000000001001000000101000000101000010000000000000100000100000000001000
00000000000000010000000000000110000000000000000000101101000001000100001000000001110010000001010100000000000000100000000001000010010110000001010000000001001000000000000000000000000110100000000001000000
01000100010000000000000101000100001000001000000110000000000000001000100000000100000001000000010000000100000100110000000000000010001010000000100010000001001000000110000000010000010010001000000001000000
00000010000000000100000000000000000000000000111000000100000000000000000000000000000000000000000100000000000100000100100000000000000100001000010000000100000000010000000000000100000001000010100000000000
11010000000000000001000000000000000000001101101010110000100100000100000000000010010100001100000010000100100000001000000000000010101010100001000000000100010000010000000000000001100000100000100000100000
00100000000010000001001000100000101100000000000000000000110000000000000000100001100001000000000000000000010000100011000001000001000000000000000000000000010000001001000001000000100100000000000001001000
00000100001000000100010000000010000000000010010010000010000100001001000000001000010000010001000000000001000001000101100000101000000100001000000100000000000100000000000000000000000100000001010000000000
10000000000000001100000001000100001000000000100110000010000000000100000001000100010000011000000100100000100101000101010000000100000000001100000000001000010001000001000000000000000100000000001000010000
10000000000000000000000010100100000001000000000100000000100010000011000101000100000000000010000000000001000100010000010010010001011110000001001000110000000010101000001001000000010000000010110000011000
00000000100000010100010000000000001000100001000000000010000100000110000011001011000000000000010000100000001000000000000000100101001000000000000000000000000000000010000000001000100000100000010000000100
00000001000000010000000000000000101000000010010000000001000000001010010000000000000010100010100000000010000000000000000000100000000000000001001001000000000010000100100100010111100100000000000001000100
10100100010011010000010000000000000000100000001000100101100000010001001110001000000000000001001000000100101000101010010000100010010000111000100100001000101000000000000000000010100000010000000000000001
00000000010000000000110000000000000100000000000000001000000000000011000001000000001000101010110000000001010000010100000010000000000100000000001000000000000000010000000000100010110001001000000100000001
00011000000000000010000100000010000000000000000010000001000100000000000000100100000000000000000000000010100000000000000011100110000010010000100000001000010000000100000000000000000011000000110100000010
00000000010000000000000000000000000000011000100000000000001010000010001000000000001010000000100001110000000000000000000010000000000100001100000100000001000001010001000000000000000000001000010000110000
00000010000000000001000000001000000000000000111001000000001001000000010100000011000000000010000000000000000001010000000011010000010000000000000000000000000010000000000010000000001100000000000000001000
00001000010000000000000000000000000010100010000000000000000000000000100000001001000010000001000001010100010101010000010110010000010001010000010000000000010010000000000000100000001001000010000100000000
00000001000000100000000100001100100001000000010001001001010000000000000000001000000000000010001000100001000000000000001000000000000000000110000000000011000000000000100000000000100000000101000100000110
10010010010000011000000001011000000001000000000000100000000000100010000000000000101010010100000010100011000010001001010000001100000100000000001000000010000000000110011111000000000000000000010000000000
00000001110001000000000000100000000000001000001000000000000001010000001001000010000100001000000000000000000000100100000000011001000010100100001000000000000000000100001000010100000000000010000000000100
00000000000010010100100100000001000000000101100010010000000001110100000100000000001010100000000000010000100000001001100001000000100000000000110000000010000010010110000000001000000000100000000101010100
00001000000000000001000000010010000000000000000000000000000010100000000011100000010010000000000000000001000000100000000000000010000000000000000100100000000000001010000000110100000001010000000000000011
00100000100000000000010011000000000000000000110010010001000000000100001000000000000100000100000001000000100001000000000000000001000000000000000000010100000000010000100000000000000001100010010000000001
00001000101100110100000110000000010000000000000000100000000001000101010001010001000000000000000000010000000000100000000000000010010000101000010000001010001010001100000000000000000100001010000000000000
00100010000000000010000010000010000000010000000000000000100010100000000010001000000000000010000001010001001010000011000001000100000011011000000001000100010000000101010010000010000001100000001000000101
10000000100000000010000001000101001010010001100010000010000110000000000000000000000000101000001010001001000001000000000000000000000000110000010000010000001000001001000000000001000100001100000000000100
00100100000000010000000000000000000000001000000000010000000000000000000000000001010000100110000000000000000101000000000001110110000000001000000100000000000110000000001100000000001001001000000000000000
00000000000000000100010000100000000000000000100000000000000000000010000000000000000000101000100110000000000100100000100100000000010000001000000001000000100010101000000000000000000100000000000000000100
00100000000000000000000000000000100010000000010000000000010000010001110000000000000000000000000001000000000001000100010001101010001000001000110100001000001000000001000010001010101001000010010000000000
00010000000000000000000110001000100010000100000101000101010000000000000100101000000100001000000000000010000000000000000000000001000000100100000011000010000000000000010001000000000000000010100000000000
00100011000000000100000100000010000000000000000000010100001100100000000000000000001001000010000000000101100010000000000000010100000000101000000000001000000000100100000000000000000000010100000100000010
00000100000000010000000000000010000011000000100010000000000100001010010000000010100010000110010011000010000001000000000000000000010000110000100010100001101000000000001001001000000001000010100000000000
01000001000000000000110000000000010000001001000001000000100011101000000000001001000101000000101000000010000100101000000101000010110000010000110000000000010000100000100100000000010001011000000000001001
01000000000100000000000000000000000000000000000100010000000000000000010010000100000010001000000000000000000000000000000110000010001000010000000111000001000000000000000001010000000000000000001000100100
00001000100000000000100010100000000100010111000000000000100100100000000000000000010100000000000010000000000000000010010000010000000000000000100000010010000100000000100000000010010000000001001001000000
00001000000001001000000000000000000001100000000000010000000000000001001000110001100000001000000000110000100000000000000101000000000011000100000000000000000101110010100000001001001101101100100010000000
00000000000000000100000010001000000000000000111000000000000101001000000000000000000000000010000010000010000000000000000000000000000010000001000000001000000100000000011000010000000000000000110000000000
00100000010000000000000100000000000100000000000100000000000000010000001000000011000000011000001001101001000000001000000000001100110000000010000000000000000000000010001000000000000000000000000000000001
00001000000000000000000100000000000000010010000000000100000000000100000001100100000100000001010100010000100000000001011000001010000000000000000000000000000001000000011100000000000100000001000000000110
01010000000000100000100000100000100000011000000000001000100110010000100010100000100010011000000000000000000000000000001000001000011101000010000011001000000000000110000001000100000000000010000000000100
10100000100000000000000000000000000101010000010000001000010000001000101010001000000100000010100000000000100001000100010000100000100000000000000000000000000000100000010001000101001000001000000000000000
00000000001011010000010000000101000000000001001010001010000000000000000000010011000010000001000000001000000000001000001100100010000101001000000000000001000000000100000000100100000000011000000000000001
00100000000000000101000000001000000000000010000000000000001010000000001000000100000100000000000010000000001000000000000000000000000000000000010010000010010000000000000000011000001000010000010010000010
00000100100000110000000000100000000000000100000000000010010000101000000000000111000000000010100010000000000000100000001000000000000000000000000001000100000000000000100000100000001000000000100010000101
00100000000000010100001000000001000001001000000101100000000001000000000010010010000000000000100000010000000000000000000010000000111001001100100001000001100100100010000100000000000000001000011001100100
00000001000000000000010000010100000001000111000101010001010000000000000000000001100100001010000000001000001000101000000000000001000010000010000000000000001000010100000000000010000001001000100000000000
00000100001110101001100000000000100010000000000100010000000000001000000100000000000000000100000000000000000000110101000000010000000000000100000011000000010000000000000001001000101000000000000000100000
00000000000000000000010010000000000000000001000010100000000001000000000000000000000000001000000000010000110100000100000000010100000100000000000000100001011000000000000001000001000000010001001100000000
00001011000000000000100001000100000000000100000000001010000000110100000000000000100011111000000000000000010000000000100000000000000010001000000110100000000000000000000000000001000100010100000000100100
00000000011000010001000000010011000000000001010100000000100000100000001001000100000001010000100010101000100100000000000000000000000000000000100000010010101000001000000000000000000110000000000000000000
00010010010010000000011001010000000000000011000000010000000000000000001010000010011101000000000000101000000000001100000000010000011000000010000101010000000000100000010001000010000100011001000100000001
10100000000010000000000000000000000010110010000101000101000000000000000110000000100000011001000000100010001000000000001100100000000000001000000001000100001000001000000100100000100000001000010001000000
01000000100000000001001001100010000100100000000010000001000000000000000000000010000000000011000000001000000001110000000000000000100000011010000000000000100000000000000010000001000000000000000000010100
01000100000000000010000000000000000001000000000000000010000000110000000100000001010001000010000010100010000001000000000100000010000000100000000000000100000000001000010000000000000010000000011000010010
00100010000100000000000100000000000010000000000000010100000000001101000001101000000101000000010100101000110000100100000000000100001011001000000000000010011000000001000000000001100000000000011010001010
00010000100000110000000000000010000010000100000010010000011000110000100000000100110000000001001000000100000000000000010000000000000000000100000000000000000000100000000000100000000000000000010101000100
00000010000000110001000001000000000000100000000100000000101000001110000110001000000000000000100000000000100001001000100000001000000000010000000000000100000000000100000000000001000000000000000100000100
01000000000010000010010001000000110001000000100010001000000010010000011111000000100100011000000100010001100001010000100000100000000100000100000000100000000000000010110000010001100000000000000000000100
00000000001000000001000100000001001000000000100000010000000000101001000010101000110000000000000000001000010000010000100000100010000000000000100100000011100000010010000000000000000000100000000001000001
01010000000011100001000010000000001000000100000100000000000111000000000001010010100010100010000000000000000000010100000100000000010000000000000000000000000000010011100000100000000100010010000000000000
00000000000001000000000100001110000001011000001000100100011010000000101001101000100001000001000010000000000110000000010010000010000000000000001001000100000000100000000000000000000000000000110000100110
00001000000000000000000000000000000000000010001000001000000000010000101000000000000000001000000010000000000100010100100000000010000000000000000000000000000000000000001000000000000000000000001000100011
00000000000000000000000000000000000001000000000000010000000000000000000000001000000100000001000101000111000000000000000000000100000000010100000000100001000000000001001000010001010000000010000000000000
00100000000001101000100000000000000000000101000000000000101000000000010000000000000101001000000011000001110000000000000000001000100000100000001010000000000100000000000010011000010010010000100000001011
00001000000000010000100000100000000000000000000100000000000000000000100000010011000100100000000110111010000000000100100010011010000000000110001100000000010000000000100010000000100100001011100100000000
00000000000010010000000000000100000000000000101100000000000000100010000100000001000000100101000000000100000100000000101000000001010000101000001000000000000000000001000001010010100000000000000000001000
00000000010000100001100000100000000100000000000100000001000000000000000000000000000000000100000000000000000001010000010000101000000000001000000000011100000001000010010100100010000000000001001001000100
10000000100000000001001000000010000000000000000011000000000001000000000111001000101000000000000000000000000010000000000000000000000000000000000000100000000000100000000000000000000000000000000010000001
10010000000010000000000000000000010000000010100100010000000100000000000000100000000101000000100000001001101000000000100001000000001000000000000000000000001000001000000000100001000010000000000101010100
01000000010001000000101000001100100000100001010100000000010001000000100001010000000000001000100101001000100000000010000000000000000000000000000000000100000000000100000101000001100000000010000100010000
00000000110001010001111000000000001000000000001011101000000000000000000010000000101010000011000000000000000000000000000000000000000010011100000000000010100000000000010100010000000001000011001000000000
00001000000000000000000010000000000001000000100000000001001000000000000000000010000100100000010000101000010000000000000010100000001000001000000001100011000000000001000000000000000000000000010110000000
10000000000000000011000001000001010000000100000100000000000000000001101100100000000000000000000000000101010000010010001010000000000000010000000000000000000001000000001011000001000000001000000000010000
01000000000000000000000000100000100010010000100000000001000100000100010000000000001000000000000010010100010000010001101000110000000010000000000100000000000001000000000100000001100000000000101001000000
00001010001000000100001100000000000000000001000011000010101000000010001000000000100000000000010000000001000000000000000110000000010000100001000100000000001000100000000000000010000010000000100000010000
10000000100100101000000100111000000000000000101000001000000000000000000000000000100000000000001001000000001000000000000001100000000000000010000000000000000010001000000000100010001000000000010000000000
01000001000000000100000100000100000000000000001010000001001000000001110000000001000101000000000100001010000010010000000000000000000000000010000000000000000001000000000000001000000000100101000100000111
00010010101000001000010000100000000100000000000000100000000000000011100010011000000000000000001010000000000000000001000000010100100010000010010000000000000100000000000000000000000000100000010100001001
10000000000010010010001000100000000000000000000000000000010101001001000000000000000000000110100100000100001000000010000001000010001000000000001100000000000000000000000000000000000010000000001001000010
00000000110000100010001101000101000001110000100000000000000010000000001011100000000000100100000000000001010000000100100100000000001000100000000100000000000000011000000000000000100010101000000011001100
00100001000000000000010011000000001000000000110000000000000000010000000000000000000100000000000000010001000000000000100001001000001000000000001000000000010000011001000000000001000000000000000101100100
00100000001010001000010100000000000000000001000000000100000010000000100000001101000001001000000010000000100000000010001100000010000000001000000000000000100010000000000001011110001000001001000000001010
00001000100100000000000000000000000000000100000001000100000010001100010001100000000100000000000101001001000000000000010101010010000000000000100000100000000000100101000000010010000000010000000000000001
00010011000000100010000000000000001010100110000000000000001010000000100000000010000000000000000000100000001110000000100000000000000000010000000000000100000010000001000000100100000010000000000001001100
00000100001000111010000000011001010001110000100000111000000000001000000000000000101000011000100100110000000000000000000000000000000000000000000000010000010100000100100101001000010010000000000100000000
00000000000010001000100000010011000000100000000000000000000000000001001000000001000000100000000000000000000100100000000000000000000000000010000011001000000000000010000000000000100000000000001100010101
00010000000000000100000000000000000000100000000000000000001000101001000010000000100000000000000000010010100100001000100000100001000010000001000000100000001000001000000100001000011000100000001000000000
00000000000000001000000000000110011000000000000000000010101010000000000000011000000010100000101000000000000100000000010000000000001100000000000000000001100000000000010100010000000010000000000010000001
00100000000000000000010010000000000001000010100110001000000000000001000010000100100000000000010101010000000000000000000001010100000000000000100000010001100000100001100011000000000001000000100010100100
00110000000110000000000000001000000000010000100000000000000000000000000000100000001001000011100110000010000000010100010000000000100000000000010000000000001010000011000000001001000000100000000000001000
00100000000000011101110000001000010000000000100001000001000000000001000000100000010000000010110000000000000101010000100000000000011100000010000000000000000001000100000000000010000100010000000000010001
10000010100000001000000001000001000000000000000001100001000101100000101000000101000000100000000011001000000000000000000000000010000100100100000100000000101100001100000010101011011000001000000000000010
00000000000010000000010000001000000010100000000100010000000000000000000000000000001000000100001000000000101100000001000000000000010100001000000000000000000010001000001100000000000000000000000000000100
00000000100000000000000010000000000100100000010010010010000000010010100010000000000000000010000010000100000010101000000000100100010000000010001000000000000000010000000011100000100000010001000000000000
00000001010000000000010001001000110010000000000000000010000110000000000000000000100000000011000000100001000011100000000000000000000001100000000010000000000000000000100001000100000000000000001100000001
00000000010000100000001100001000000110001110000000001010000101000000000000000000001000000010000000100000100000100000100000010000000000000010011001000000000010110000100000000000000000000000010000000000
00000000010100000000111001000110100000010000001000000000010010000000000000000000000000010010000010001000000000000000000000001000000000011000000010000000000000001001010001001010000001000110100010010000
00000001000000000101010010100000000000000110000100000000000000000000100000000100100000000010000000000101010000011000001100100000000000000100010010000000010010001000011010000000101000011000001001000000
00110000000110101000100100101000000000001001000010101010100000000000000000000000000010001000010000000000000000000101000000010001000100000010100000010000000100000001010000001000100101000000000110000000
00000000000100000100000000000000000110000000000001000100000010010000110100100000001000000001010000000000010010000010000000000000010000110100001000000000011000010000000000001000001000010000000100010000
01000000010000010101010001000000000000000000000100010000000000000000110000000000010000000000100000001001000100000010001000000000000000010000000000001000010010100101000010110100001110000000001000000000
00000010000100101000011001000000000000000000001000000000000000000011000000010000001000000001010000000000000000011100000000000000000000000000000000000000010100000000001000001010000001100101000000000000
00000000001000010010100111110001110000000000010001000000000010000000001000000000001110000000000010001000001000000000010000100000000000000110000000110000011000000011000010000100000000000000000100000000
00000000000000000001000000010000000001000000000000100000100011000000010000001000001000000000000001000000000100001000000110001010110000100000110011000000100000000101000000000000000110000001010100000000
00000000000000000000100000000100010000000010000010000010000001000010000100001100011110000100000000001000000000000000001000010010010000001100010001000001000001000000010001100000001000011000000000100000
00101000000001011000000100011001100000000000001100000000000001101000010000100000100010000000000000000000101000000000000000000000000000110000000000000000000010100001000000000000000000100000010101100000
01000000000000000000000000000000100010000001101000000000010100001000000000000000000000011000000000101000000100001011001000000000000000000000000000010000010000100001000001011000100011000100000001000000
00001000000000000000010000001100000000110011000000000000000000000010000011000111001000010000000101010000000100100000000011100000000100001000000000000000000000000010000000101001000000100000000100000000
00001000000000010000000000100000000000010000000001001100100001000000000001100000000001000000000000000000000000000000000001000100000000010000100000100011000110010000000000001001001000000000000000001010
00001001010100000001100000000100000000000000000000000000010000010010001000010000000011001000011010101001100100000000010000000000000000000000001000000000000000001000000010100100001000000010000000100000
00000000010100100100000010100100000000001000000000000000000000000000000001001000010000000000101010000000000100000000000000000000001000000000000000001101000000100100000000000100010100000101000001000100
00000000000000011000000000000000100100000001011000010000000000010110010100000000000100000000010000000010100000000110000110100000000100010000000000000000001000000010010001010000100000000000000000000000
00001000100100000110000000000100100000010000000010000000000010000001001000100000000010100000000101100000100100001100110000110000000000001000000010000001010000000001000001000000100000000000000010001100
00000000010000000000100100000000000000001010000010110001000000110000000010000000000000000100000001000010000100000000000010000000000000000000000000001000000000000000000010000100001000100000000000010000
00000000000100100001000000000011010010100001000000000111000000000110101000010000100000001001001100001101000000010000000000000000000100101000011000000000000000000000000010000000000001000001000100001100
00100000001000000001000000000111001000000000000000000001000000001001100000000010000000000100000000000000001000100000000100100000000000001010001000001000010000000000010000000101000000100010000001000110
00010010000000000101000001000100000000000100100000100000000011000000100100011000100001000000000000000101000110000001010000000000000010011000000001100000000000001000000010000000000000000000000000000001
00010101000000001000100000000000000011000000100000010001000000000000010000000010110001100010001000001000000010000010100000010111000010000000000100010100000000000000000100000001010000000000000100000110
00000010000000000000010000000000000000000010000100000110011000000000000000000001000000000000000010000000011000000000100100000110000001000010001001000010000001100000001001001000000000000000000000000000
00000001000000000101000000000000000000000001000000000000000100000000000000000000000011001100100000000010000000000000000100100001100000001000110100001100100011000000001000110011010100000010010001000110
00101000101110000000010010000000100011000010000100010101001010000100000000000000000000000000000000000000000100000011000000000010000000000001000100000001000000011000000010100000000000001000000000000000
00000100000100100001010000000011000001000000000000000000000000100010000001100100001000000000100000000000001000000000100000010001001000000010100001000011100100000000000001000000011000100001000100001010
00010000000000000000000001100000000100100000000000010000000001000000000000001000000000100000000000000000010000000000101010000000000011000000000000000000100000001000000000000000110001000000000000000001
00010000001000000010100001000000000100000000000010000001010000010010000000000001100000100000100000000000000000000000000000001100000000000000110010100000000001000010000010010000000000000100000000000000
00000001000000001000000010000000000100000111001100000000000000000000110010000100100000010000000000000000100000000000000000000010000000010100000000000101010100000100000000000000000010001010000001000000
00000100101010011000000100100001001010000100100000011000100000000100000000000000011000000101100011010000010000110001100010001001110010000010100000001001100101001000100000000000000000101011010100000000
00000000001000000000000100000000000000000000000000001000000000000000000100000000000001000100010000000010000000100010000000000110000011010000000000001010010000000001000000000000000010000001010101000000
00000000010011000000000010000000110000000011100010100100000110010000001000000000000110000000011010000000100001000101000000100000001001010001000000001100001001010010001000000000000000000000100000100000
